[
    [
        1,
        1
    ],
    [
        1,
        2
    ],
    [
        1,
        4
    ],
    [
        1,
        5
    ],
    [
        2,
        0
    ],
    [
        2,
        2
    ],
    [
        2,
        3
    ],
    [
        2,
        4
    ],
    [
        2,
        5
    ],
    [
        2,
        6
    ],
    [
        2,
        8
    ],
    [
        2,
        9
    ],
    [
        2,
        10
    ],
    [
        2,
        11
    ],
    [
        3,
        0
    ],
    [
        3,
        1
    ],
    [
        3,
        4
    ],
    [
        3,
        5
    ],
    [
        3,
        6
    ],
    [
        3,
        7
    ],
    [
        3,
        8
    ],
    [
        3,
        9
    ],
    [
        3,
        10
    ],
    [
        3,
        11
    ],
    [
        3,
        12
    ],
    [
        3,
        15
    ],
    [
        3,
        16
    ],
    [
        3,
        17
    ],
    [
        3,
        18
    ],
    [
        3,
        19
    ],
    [
        3,
        20
    ],
    [
        3,
        21
    ],
    [
        3,
        22
    ],
    [
        3,
        23
    ],
    [
        4,
        4
    ],
    [
        4,
        5
    ],
    [
        4,
        6
    ],
    [
        4,
        7
    ],
    [
        4,
        15
    ],
    [
        4,
        16
    ],
    [
        4,
        17
    ],
    [
        4,
        18
    ],
    [
        4,
        19
    ],
    [
        4,
        20
    ]
]
