[
    [
        0,
        0
    ],
    [
        0,
        1
    ],
    [
        0,
        2
    ],
    [
        0,
        3
    ],
    [
        0,
        4
    ],
    [
        0,
        5
    ],
    [
        0,
        6
    ],
    [
        1,
        6
    ],
    [
        2,
        1
    ],
    [
        2,
        2
    ],
    [
        2,
        3
    ],
    [
        2,
        4
    ],
    [
        2,
        6
    ],
    [
        3,
        1
    ],
    [
        3,
        2
    ],
    [
        3,
        4
    ],
    [
        3,
        6
    ],
    [
        4,
        1
    ],
    [
        4,
        2
    ],
    [
        4,
        3
    ],
    [
        4,
        6
    ],
    [
        5,
        2
    ],
    [
        5,
        5
    ],
    [
        6,
        0
    ],
    [
        6,
        1
    ],
    [
        6,
        3
    ],
    [
        6,
        4
    ],
    [
        6,
        5
    ],
    [
        6,
        6
    ]
]
