[
    [
        0,
        0
    ],
    [
        0,
        1
    ],
    [
        1,
        4
    ],
    [
        1,
        5
    ],
    [
        2,
        1
    ],
    [
        2,
        2
    ],
    [
        2,
        4
    ],
    [
        2,
        5
    ],
    [
        3,
        1
    ],
    [
        3,
        2
    ],
    [
        3,
        4
    ],
    [
        3,
        5
    ],
    [
        4,
        4
    ],
    [
        4,
        5
    ],
    [
        5,
        0
    ],
    [
        5,
        1
    ]
]
