[
    [
        1,
        6
    ],
    [
        2,
        0
    ],
    [
        2,
        3
    ],
    [
        2,
        4
    ],
    [
        2,
        5
    ],
    [
        2,
        6
    ],
    [
        3,
        0
    ],
    [
        3,
        1
    ],
    [
        3,
        4
    ],
    [
        3,
        5
    ],
    [
        3,
        6
    ],
    [
        4,
        0
    ],
    [
        4,
        3
    ],
    [
        4,
        4
    ],
    [
        4,
        5
    ],
    [
        4,
        6
    ],
    [
        5,
        6
    ]
]
]
