[
    [
        0,
        0
    ],
    [
        0,
        1
    ],
    [
        0,
        2
    ],
    [
        0,
        3
    ],
    [
        0,
        10
    ],
    [
        0,
        11
    ],
    [
        0,
        12
    ],
    [
        0,
        13
    ],
    [
        0,
        14
    ],
    [
        0,
        15
    ],
    [
        0,
        16
    ],
    [
        0,
        17
    ],
    [
        0,
        18
    ],
    [
        0,
        19
    ],
    [
        1,
        0
    ],
    [
        1,
        1
    ],
    [
        1,
        2
    ],
    [
        1,
        11
    ],
    [
        1,
        12
    ],
    [
        1,
        13
    ],
    [
        1,
        14
    ],
    [
        1,
        15
    ],
    [
        1,
        16
    ],
    [
        1,
        17
    ],
    [
        1,
        18
    ],
    [
        1,
        19
    ],
    [
        2,
        0
    ],
    [
        2,
        1
    ],
    [
        2,
        13
    ],
    [
        2,
        14
    ],
    [
        2,
        15
    ],
    [
        2,
        16
    ],
    [
        2,
        17
    ],
    [
        2,
        18
    ],
    [
        2,
        19
    ],
    [
        3,
        0
    ],
    [
        3,
        14
    ],
    [
        3,
        15
    ],
    [
        3,
        16
    ],
    [
        3,
        17
    ],
    [
        3,
        18
    ],
    [
        3,
        19
    ],
    [
        4,
        15
    ],
    [
        4,
        16
    ],
    [
        4,
        17
    ],
    [
        4,
        18
    ],
    [
        4,
        19
    ],
    [
        5,
        0
    ],
    [
        5,
        16
    ],
    [
        5,
        17
    ],
    [
        5,
        18
    ],
    [
        5,
        19
    ],
    [
        6,
        0
    ],
    [
        6,
        1
    ],
    [
        6,
        17
    ],
    [
        6,
        18
    ],
    [
        6,
        19
    ],
    [
        7,
        0
    ],
    [
        7,
        1
    ],
    [
        7,
        2
    ],
    [
        7,
        18
    ],
    [
        7,
        19
    ],
    [
        8,
        0
    ],
    [
        8,
        1
    ],
    [
        8,
        2
    ],
    [
        8,
        3
    ],
    [
        8,
        19
    ],
    [
        9,
        0
    ],
    [
        9,
        1
    ],
    [
        9,
        2
    ],
    [
        9,
        3
    ],
    [
        10,
        0
    ],
    [
        10,
        1
    ],
    [
        10,
        2
    ],
    [
        10,
        3
    ],
    [
        11,
        0
    ],
    [
        11,
        1
    ],
    [
        11,
        2
    ],
    [
        11,
        3
    ],
    [
        11,
        19
    ],
    [
        12,
        0
    ],
    [
        12,
        1
    ],
    [
        12,
        2
    ],
    [
        12,
        18
    ],
    [
        12,
        19
    ],
    [
        13,
        0
    ],
    [
        13,
        1
    ],
    [
        13,
        17
    ],
    [
        13,
        18
    ],
    [
        13,
        19
    ],
    [
        14,
        0
    ],
    [
        14,
        16
    ],
    [
        14,
        17
    ],
    [
        14,
        18
    ],
    [
        14,
        19
    ],
    [
        15,
        15
    ],
    [
        15,
        16
    ],
    [
        15,
        17
    ],
    [
        15,
        18
    ],
    [
        15,
        19
    ],
    [
        16,
        0
    ],
    [
        16,
        14
    ],
    [
        16,
        15
    ],
    [
        16,
        16
    ],
    [
        16,
        17
    ],
    [
        16,
        18
    ],
    [
        16,
        19
    ],
    [
        17,
        0
    ],
    [
        17,
        1
    ],
    [
        17,
        13
    ],
    [
        17,
        14
    ],
    [
        17,
        15
    ],
    [
        17,
        16
    ],
    [
        17,
        17
    ],
    [
        17,
        18
    ],
    [
        17,
        19
    ],
    [
        18,
        0
    ],
    [
        18,
        1
    ],
    [
        18,
        2
    ],
    [
        18,
        11
    ],
    [
        18,
        12
    ],
    [
        18,
        13
    ],
    [
        18,
        14
    ],
    [
        18,
        15
    ],
    [
        18,
        16
    ],
    [
        18,
        17
    ],
    [
        18,
        18
    ],
    [
        18,
        19
    ],
    [
        19,
        0
    ],
    [
        19,
        1
    ],
    [
        19,
        2
    ],
    [
        19,
        3
    ],
    [
        19,
        10
    ],
    [
        19,
        11
    ],
    [
        19,
        12
    ],
    [
        19,
        13
    ],
    [
        19,
        14
    ],
    [
        19,
        15
    ],
    [
        19,
        16
    ],
    [
        19,
        17
    ],
    [
        19,
        18
    ],
    [
        19,
        19
    ]
]
