[
    [
        0,
        3
    ],
    [
        0,
        4
    ],
    [
        0,
        5
    ],
    [
        0,
        6
    ],
    [
        0,
        7
    ],
    [
        0,
        8
    ],
    [
        0,
        9
    ],
    [
        0,
        10
    ],
    [
        0,
        11
    ],
    [
        0,
        12
    ],
    [
        0,
        13
    ],
    [
        0,
        14
    ],
    [
        0,
        15
    ],
    [
        1,
        3
    ],
    [
        1,
        4
    ],
    [
        1,
        5
    ],
    [
        1,
        6
    ],
    [
        1,
        7
    ],
    [
        1,
        8
    ],
    [
        1,
        9
    ],
    [
        1,
        10
    ],
    [
        1,
        11
    ],
    [
        1,
        12
    ],
    [
        1,
        13
    ],
    [
        1,
        14
    ],
    [
        2,
        3
    ],
    [
        2,
        4
    ],
    [
        2,
        5
    ],
    [
        2,
        6
    ],
    [
        2,
        7
    ],
    [
        2,
        8
    ],
    [
        2,
        9
    ],
    [
        2,
        10
    ],
    [
        2,
        11
    ],
    [
        2,
        12
    ],
    [
        2,
        13
    ],
    [
        2,
        14
    ],
    [
        3,
        3
    ],
    [
        3,
        4
    ],
    [
        3,
        5
    ],
    [
        3,
        6
    ],
    [
        3,
        7
    ],
    [
        3,
        8
    ],
    [
        3,
        9
    ],
    [
        3,
        10
    ],
    [
        3,
        11
    ],
    [
        3,
        12
    ],
    [
        3,
        13
    ],
    [
        4,
        3
    ],
    [
        4,
        4
    ],
    [
        4,
        5
    ],
    [
        4,
        6
    ],
    [
        4,
        7
    ],
    [
        4,
        8
    ],
    [
        4,
        9
    ],
    [
        4,
        10
    ],
    [
        4,
        11
    ],
    [
        4,
        12
    ],
    [
        5,
        3
    ],
    [
        5,
        4
    ],
    [
        5,
        5
    ],
    [
        5,
        6
    ],
    [
        5,
        7
    ],
    [
        5,
        8
    ],
    [
        5,
        9
    ],
    [
        5,
        10
    ],
    [
        5,
        11
    ],
    [
        5,
        12
    ],
    [
        6,
        3
    ],
    [
        6,
        4
    ],
    [
        6,
        5
    ],
    [
        6,
        6
    ],
    [
        6,
        7
    ],
    [
        6,
        8
    ],
    [
        6,
        9
    ],
    [
        6,
        10
    ],
    [
        6,
        11
    ],
    [
        7,
        3
    ],
    [
        7,
        4
    ],
    [
        7,
        5
    ],
    [
        7,
        6
    ],
    [
        7,
        7
    ],
    [
        7,
        8
    ],
    [
        7,
        9
    ],
    [
        7,
        10
    ],
    [
        7,
        16
    ],
    [
        8,
        3
    ],
    [
        8,
        4
    ],
    [
        8,
        5
    ],
    [
        8,
        6
    ],
    [
        8,
        7
    ],
    [
        8,
        8
    ],
    [
        8,
        9
    ],
    [
        8,
        15
    ],
    [
        8,
        16
    ],
    [
        9,
        3
    ],
    [
        9,
        4
    ],
    [
        9,
        5
    ],
    [
        9,
        6
    ],
    [
        9,
        7
    ],
    [
        9,
        8
    ],
    [
        9,
        15
    ],
    [
        9,
        16
    ],
    [
        10,
        3
    ],
    [
        10,
        4
    ],
    [
        10,
        5
    ],
    [
        10,
        6
    ],
    [
        10,
        7
    ],
    [
        10,
        14
    ],
    [
        10,
        15
    ],
    [
        10,
        16
    ],
    [
        11,
        3
    ],
    [
        11,
        4
    ],
    [
        11,
        5
    ],
    [
        11,
        6
    ],
    [
        11,
        13
    ],
    [
        11,
        14
    ],
    [
        11,
        15
    ],
    [
        11,
        16
    ],
    [
        12,
        3
    ],
    [
        12,
        4
    ],
    [
        12,
        5
    ],
    [
        12,
        12
    ],
    [
        12,
        13
    ],
    [
        12,
        14
    ],
    [
        12,
        15
    ],
    [
        12,
        16
    ],
    [
        13,
        3
    ],
    [
        13,
        4
    ],
    [
        13,
        11
    ],
    [
        13,
        12
    ],
    [
        13,
        13
    ],
    [
        13,
        14
    ],
    [
        13,
        15
    ],
    [
        13,
        16
    ],
    [
        14,
        3
    ],
    [
        14,
        10
    ],
    [
        14,
        11
    ],
    [
        14,
        12
    ],
    [
        14,
        13
    ],
    [
        14,
        14
    ],
    [
        14,
        15
    ],
    [
        14,
        16
    ],
    [
        15,
        9
    ],
    [
        15,
        10
    ],
    [
        15,
        11
    ],
    [
        15,
        12
    ],
    [
        15,
        13
    ],
    [
        15,
        14
    ],
    [
        15,
        15
    ],
    [
        15,
        16
    ],
    [
        16,
        8
    ],
    [
        16,
        9
    ],
    [
        16,
        10
    ],
    [
        16,
        11
    ],
    [
        16,
        12
    ],
    [
        16,
        13
    ],
    [
        16,
        14
    ],
    [
        16,
        15
    ],
    [
        16,
        16
    ],
    [
        17,
        7
    ],
    [
        17,
        8
    ],
    [
        17,
        9
    ],
    [
        17,
        10
    ],
    [
        17,
        11
    ],
    [
        17,
        12
    ],
    [
        17,
        13
    ],
    [
        17,
        14
    ],
    [
        17,
        15
    ],
    [
        17,
        16
    ],
    [
        18,
        6
    ],
    [
        18,
        7
    ],
    [
        18,
        8
    ],
    [
        18,
        9
    ],
    [
        18,
        10
    ],
    [
        18,
        11
    ],
    [
        18,
        12
    ],
    [
        18,
        13
    ],
    [
        18,
        14
    ],
    [
        18,
        15
    ],
    [
        18,
        16
    ],
    [
        19,
        5
    ],
    [
        19,
        6
    ],
    [
        19,
        7
    ],
    [
        19,
        8
    ],
    [
        19,
        9
    ],
    [
        19,
        10
    ],
    [
        19,
        11
    ],
    [
        19,
        12
    ],
    [
        19,
        13
    ],
    [
        19,
        14
    ],
    [
        19,
        15
    ],
    [
        19,
        16
    ]
]
