[
    [
        0,
        0
    ],
    [
        0,
        1
    ],
    [
        0,
        2
    ],
    [
        0,
        18
    ],
    [
        0,
        19
    ],
    [
        1,
        0
    ],
    [
        1,
        1
    ],
    [
        1,
        19
    ],
    [
        2,
        0
    ],
    [
        4,
        5
    ],
    [
        4,
        6
    ],
    [
        4,
        7
    ],
    [
        4,
        8
    ],
    [
        4,
        9
    ],
    [
        4,
        10
    ],
    [
        4,
        11
    ],
    [
        4,
        12
    ],
    [
        4,
        13
    ],
    [
        5,
        4
    ],
    [
        5,
        5
    ],
    [
        5,
        6
    ],
    [
        5,
        7
    ],
    [
        5,
        8
    ],
    [
        5,
        9
    ],
    [
        5,
        10
    ],
    [
        5,
        11
    ],
    [
        5,
        12
    ],
    [
        5,
        13
    ],
    [
        5,
        14
    ],
    [
        5,
        15
    ],
    [
        6,
        3
    ],
    [
        6,
        4
    ],
    [
        6,
        5
    ],
    [
        6,
        6
    ],
    [
        6,
        7
    ],
    [
        6,
        8
    ],
    [
        6,
        9
    ],
    [
        6,
        10
    ],
    [
        6,
        11
    ],
    [
        6,
        12
    ],
    [
        6,
        13
    ],
    [
        6,
        14
    ],
    [
        6,
        15
    ],
    [
        6,
        16
    ],
    [
        7,
        3
    ],
    [
        7,
        4
    ],
    [
        7,
        5
    ],
    [
        7,
        6
    ],
    [
        7,
        7
    ],
    [
        7,
        8
    ],
    [
        7,
        9
    ],
    [
        7,
        10
    ],
    [
        7,
        11
    ],
    [
        7,
        12
    ],
    [
        7,
        13
    ],
    [
        7,
        14
    ],
    [
        7,
        15
    ],
    [
        7,
        16
    ],
    [
        8,
        3
    ],
    [
        8,
        4
    ],
    [
        8,
        5
    ],
    [
        8,
        6
    ],
    [
        8,
        7
    ],
    [
        8,
        8
    ],
    [
        8,
        9
    ],
    [
        8,
        10
    ],
    [
        8,
        11
    ],
    [
        8,
        12
    ],
    [
        8,
        13
    ],
    [
        8,
        14
    ],
    [
        8,
        15
    ],
    [
        8,
        16
    ],
    [
        9,
        3
    ],
    [
        9,
        4
    ],
    [
        9,
        5
    ],
    [
        9,
        6
    ],
    [
        9,
        7
    ],
    [
        9,
        8
    ],
    [
        9,
        9
    ],
    [
        9,
        10
    ],
    [
        9,
        11
    ],
    [
        9,
        12
    ],
    [
        9,
        13
    ],
    [
        9,
        14
    ],
    [
        9,
        15
    ],
    [
        9,
        16
    ],
    [
        10,
        3
    ],
    [
        10,
        4
    ],
    [
        10,
        5
    ],
    [
        10,
        6
    ],
    [
        10,
        7
    ],
    [
        10,
        8
    ],
    [
        10,
        9
    ],
    [
        10,
        10
    ],
    [
        10,
        11
    ],
    [
        10,
        12
    ],
    [
        10,
        13
    ],
    [
        10,
        14
    ],
    [
        10,
        15
    ],
    [
        10,
        16
    ],
    [
        11,
        3
    ],
    [
        11,
        4
    ],
    [
        11,
        5
    ],
    [
        11,
        6
    ],
    [
        11,
        7
    ],
    [
        11,
        8
    ],
    [
        11,
        9
    ],
    [
        11,
        10
    ],
    [
        11,
        11
    ],
    [
        11,
        12
    ],
    [
        11,
        13
    ],
    [
        11,
        14
    ],
    [
        11,
        15
    ],
    [
        11,
        16
    ],
    [
        12,
        3
    ],
    [
        12,
        4
    ],
    [
        12,
        5
    ],
    [
        12,
        6
    ],
    [
        12,
        7
    ],
    [
        12,
        8
    ],
    [
        12,
        9
    ],
    [
        12,
        10
    ],
    [
        12,
        11
    ],
    [
        12,
        12
    ],
    [
        12,
        13
    ],
    [
        12,
        14
    ],
    [
        12,
        15
    ],
    [
        12,
        16
    ],
    [
        13,
        3
    ],
    [
        13,
        4
    ],
    [
        13,
        5
    ],
    [
        13,
        6
    ],
    [
        13,
        7
    ],
    [
        13,
        8
    ],
    [
        13,
        9
    ],
    [
        13,
        10
    ],
    [
        13,
        11
    ],
    [
        13,
        12
    ],
    [
        13,
        13
    ],
    [
        13,
        14
    ],
    [
        13,
        15
    ],
    [
        14,
        4
    ],
    [
        14,
        5
    ],
    [
        14,
        6
    ],
    [
        14,
        7
    ],
    [
        14,
        8
    ],
    [
        14,
        9
    ],
    [
        14,
        10
    ],
    [
        14,
        11
    ],
    [
        14,
        12
    ],
    [
        14,
        13
    ],
    [
        14,
        14
    ],
    [
        15,
        5
    ],
    [
        15,
        6
    ],
    [
        15,
        7
    ],
    [
        15,
        8
    ],
    [
        15,
        9
    ],
    [
        15,
        10
    ],
    [
        15,
        11
    ],
    [
        15,
        12
    ],
    [
        15,
        13
    ],
    [
        18,
        0
    ],
    [
        18,
        19
    ],
    [
        19,
        0
    ],
    [
        19,
        1
    ],
    [
        19,
        18
    ],
    [
        19,
        19
    ]
]
