[
    [
        2,
        0
    ],
    [
        2,
        1
    ],
    [
        2,
        2
    ],
    [
        2,
        3
    ],
    [
        2,
        5
    ],
    [
        2,
        6
    ],
    [
        2,
        7
    ],
    [
        2,
        8
    ],
    [
        2,
        9
    ],
    [
        2,
        11
    ],
    [
        3,
        0
    ],
    [
        3,
        1
    ],
    [
        3,
        2
    ],
    [
        3,
        3
    ],
    [
        3,
        4
    ],
    [
        3,
        5
    ],
    [
        3,
        6
    ],
    [
        3,
        7
    ],
    [
        3,
        10
    ],
    [
        3,
        11
    ],
    [
        3,
        12
    ],
    [
        3,
        13
    ],
    [
        3,
        14
    ],
    [
        3,
        15
    ],
    [
        3,
        16
    ],
    [
        3,
        17
    ],
    [
        3,
        18
    ],
    [
        3,
        19
    ],
    [
        3,
        22
    ],
    [
        3,
        23
    ],
    [
        4,
        0
    ],
    [
        4,
        1
    ],
    [
        4,
        2
    ],
    [
        4,
        10
    ],
    [
        4,
        11
    ],
    [
        4,
        12
    ],
    [
        4,
        13
    ],
    [
        4,
        14
    ],
    [
        4,
        22
    ],
    [
        4,
        23
    ]
]
