[
    [
        2,
        1
    ],
    [
        2,
        2
    ],
    [
        2,
        4
    ],
    [
        2,
        5
    ],
    [
        2,
        6
    ],
    [
        3,
        1
    ],
    [
        3,
        2
    ],
    [
        3,
        4
    ],
    [
        3,
        5
    ],
    [
        3,
        6
    ],
    [
        4,
        1
    ],
    [
        4,
        2
    ],
    [
        4,
        4
    ],
    [
        4,
        5
    ],
    [
        4,
        6
    ],
    [
        5,
        1
    ],
    [
        5,
        2
    ],
    [
        5,
        4
    ],
    [
        5,
        5
    ],
    [
        5,
        6
    ],
    [
        6,
        1
    ],
    [
        6,
        2
    ],
    [
        6,
        4
    ],
    [
        6,
        5
    ],
    [
        6,
        6
    ]
]
]
