[
    [
        2,
        1
    ],
    [
        2,
        4
    ],
    [
        2,
        7
    ],
    [
        2,
        8
    ],
    [
        2,
        9
    ],
    [
        2,
        10
    ],
    [
        3,
        1
    ],
    [
        3,
        2
    ],
    [
        3,
        3
    ],
    [
        3,
        4
    ],
    [
        3,
        7
    ],
    [
        3,
        8
    ],
    [
        3,
        9
    ],
    [
        3,
        10
    ],
    [
        3,
        13
    ],
    [
        3,
        14
    ],
    [
        3,
        15
    ],
    [
        3,
        16
    ],
    [
        3,
        17
    ],
    [
        3,
        18
    ],
    [
        3,
        19
    ],
    [
        3,
        20
    ],
    [
        3,
        21
    ],
    [
        3,
        22
    ],
    [
        4,
        12
    ],
    [
        4,
        13
    ],
    [
        4,
        14
    ],
    [
        4,
        15
    ],
    [
        4,
        16
    ],
    [
        4,
        17
    ],
    [
        4,
        18
    ],
    [
        4,
        19
    ],
    [
        4,
        20
    ],
    [
        4,
        21
    ],
    [
        4,
        22
    ],
    [
        4,
        23
    ]
]
