[
    [
        0,
        0
    ],
    [
        0,
        1
    ],
    [
        0,
        2
    ],
    [
        0,
        3
    ],
    [
        0,
        4
    ],
    [
        0,
        5
    ],
    [
        0,
        6
    ],
    [
        0,
        7
    ],
    [
        0,
        8
    ],
    [
        0,
        11
    ],
    [
        0,
        12
    ],
    [
        0,
        13
    ],
    [
        0,
        14
    ],
    [
        0,
        15
    ],
    [
        0,
        16
    ],
    [
        0,
        17
    ],
    [
        0,
        18
    ],
    [
        0,
        19
    ],
    [
        1,
        0
    ],
    [
        1,
        1
    ],
    [
        1,
        2
    ],
    [
        1,
        3
    ],
    [
        1,
        4
    ],
    [
        1,
        5
    ],
    [
        1,
        6
    ],
    [
        1,
        7
    ],
    [
        1,
        12
    ],
    [
        1,
        13
    ],
    [
        1,
        14
    ],
    [
        1,
        15
    ],
    [
        1,
        16
    ],
    [
        1,
        17
    ],
    [
        1,
        18
    ],
    [
        1,
        19
    ],
    [
        2,
        0
    ],
    [
        2,
        1
    ],
    [
        2,
        2
    ],
    [
        2,
        3
    ],
    [
        2,
        4
    ],
    [
        2,
        5
    ],
    [
        2,
        6
    ],
    [
        2,
        13
    ],
    [
        2,
        14
    ],
    [
        2,
        15
    ],
    [
        2,
        16
    ],
    [
        2,
        17
    ],
    [
        2,
        18
    ],
    [
        2,
        19
    ],
    [
        3,
        0
    ],
    [
        3,
        1
    ],
    [
        3,
        2
    ],
    [
        3,
        3
    ],
    [
        3,
        16
    ],
    [
        3,
        17
    ],
    [
        3,
        18
    ],
    [
        3,
        19
    ],
    [
        4,
        0
    ],
    [
        4,
        1
    ],
    [
        4,
        2
    ],
    [
        4,
        3
    ],
    [
        4,
        16
    ],
    [
        4,
        17
    ],
    [
        4,
        18
    ],
    [
        4,
        19
    ],
    [
        5,
        0
    ],
    [
        5,
        1
    ],
    [
        5,
        2
    ],
    [
        5,
        3
    ],
    [
        5,
        16
    ],
    [
        5,
        17
    ],
    [
        5,
        18
    ],
    [
        5,
        19
    ],
    [
        6,
        0
    ],
    [
        6,
        1
    ],
    [
        6,
        2
    ],
    [
        6,
        17
    ],
    [
        6,
        18
    ],
    [
        6,
        19
    ],
    [
        7,
        0
    ],
    [
        7,
        1
    ],
    [
        7,
        18
    ],
    [
        7,
        19
    ],
    [
        8,
        0
    ],
    [
        8,
        19
    ],
    [
        11,
        0
    ],
    [
        11,
        19
    ],
    [
        12,
        0
    ],
    [
        12,
        1
    ],
    [
        12,
        18
    ],
    [
        12,
        19
    ],
    [
        13,
        0
    ],
    [
        13,
        1
    ],
    [
        13,
        2
    ],
    [
        13,
        17
    ],
    [
        13,
        18
    ],
    [
        13,
        19
    ],
    [
        14,
        0
    ],
    [
        14,
        1
    ],
    [
        14,
        2
    ],
    [
        14,
        3
    ],
    [
        14,
        16
    ],
    [
        14,
        17
    ],
    [
        14,
        18
    ],
    [
        14,
        19
    ],
    [
        15,
        0
    ],
    [
        15,
        1
    ],
    [
        15,
        2
    ],
    [
        15,
        3
    ],
    [
        15,
        16
    ],
    [
        15,
        17
    ],
    [
        15,
        18
    ],
    [
        15,
        19
    ],
    [
        16,
        0
    ],
    [
        16,
        1
    ],
    [
        16,
        2
    ],
    [
        16,
        3
    ],
    [
        16,
        16
    ],
    [
        16,
        17
    ],
    [
        16,
        18
    ],
    [
        16,
        19
    ],
    [
        17,
        0
    ],
    [
        17,
        1
    ],
    [
        17,
        2
    ],
    [
        17,
        3
    ],
    [
        17,
        4
    ],
    [
        17,
        5
    ],
    [
        17,
        6
    ],
    [
        17,
        13
    ],
    [
        17,
        14
    ],
    [
        17,
        15
    ],
    [
        17,
        16
    ],
    [
        17,
        17
    ],
    [
        17,
        18
    ],
    [
        17,
        19
    ],
    [
        18,
        0
    ],
    [
        18,
        1
    ],
    [
        18,
        2
    ],
    [
        18,
        3
    ],
    [
        18,
        4
    ],
    [
        18,
        5
    ],
    [
        18,
        6
    ],
    [
        18,
        7
    ],
    [
        18,
        12
    ],
    [
        18,
        13
    ],
    [
        18,
        14
    ],
    [
        18,
        15
    ],
    [
        18,
        16
    ],
    [
        18,
        17
    ],
    [
        18,
        18
    ],
    [
        18,
        19
    ],
    [
        19,
        0
    ],
    [
        19,
        1
    ],
    [
        19,
        2
    ],
    [
        19,
        3
    ],
    [
        19,
        4
    ],
    [
        19,
        5
    ],
    [
        19,
        6
    ],
    [
        19,
        7
    ],
    [
        19,
        8
    ],
    [
        19,
        11
    ],
    [
        19,
        12
    ],
    [
        19,
        13
    ],
    [
        19,
        14
    ],
    [
        19,
        15
    ],
    [
        19,
        16
    ],
    [
        19,
        17
    ],
    [
        19,
        18
    ],
    [
        19,
        19
    ]
]
