[
    [
        0,
        3
    ],
    [
        0,
        4
    ],
    [
        0,
        5
    ],
    [
        0,
        6
    ],
    [
        0,
        7
    ],
    [
        0,
        8
    ],
    [
        0,
        9
    ],
    [
        0,
        10
    ],
    [
        0,
        11
    ],
    [
        0,
        12
    ],
    [
        0,
        13
    ],
    [
        0,
        14
    ],
    [
        0,
        15
    ],
    [
        1,
        4
    ],
    [
        1,
        5
    ],
    [
        1,
        6
    ],
    [
        1,
        7
    ],
    [
        1,
        8
    ],
    [
        1,
        9
    ],
    [
        1,
        10
    ],
    [
        1,
        11
    ],
    [
        1,
        12
    ],
    [
        1,
        13
    ],
    [
        1,
        14
    ],
    [
        2,
        5
    ],
    [
        2,
        6
    ],
    [
        2,
        7
    ],
    [
        2,
        8
    ],
    [
        2,
        9
    ],
    [
        2,
        10
    ],
    [
        2,
        11
    ],
    [
        2,
        12
    ],
    [
        2,
        13
    ],
    [
        3,
        6
    ],
    [
        3,
        7
    ],
    [
        3,
        8
    ],
    [
        3,
        9
    ],
    [
        3,
        10
    ],
    [
        3,
        11
    ],
    [
        3,
        12
    ],
    [
        3,
        19
    ],
    [
        4,
        0
    ],
    [
        4,
        7
    ],
    [
        4,
        8
    ],
    [
        4,
        9
    ],
    [
        4,
        10
    ],
    [
        4,
        11
    ],
    [
        4,
        18
    ],
    [
        4,
        19
    ],
    [
        5,
        0
    ],
    [
        5,
        1
    ],
    [
        5,
        8
    ],
    [
        5,
        9
    ],
    [
        5,
        10
    ],
    [
        5,
        17
    ],
    [
        5,
        18
    ],
    [
        5,
        19
    ],
    [
        6,
        0
    ],
    [
        6,
        1
    ],
    [
        6,
        2
    ],
    [
        6,
        16
    ],
    [
        6,
        17
    ],
    [
        6,
        18
    ],
    [
        6,
        19
    ],
    [
        7,
        0
    ],
    [
        7,
        1
    ],
    [
        7,
        2
    ],
    [
        7,
        3
    ],
    [
        7,
        15
    ],
    [
        7,
        16
    ],
    [
        7,
        17
    ],
    [
        7,
        18
    ],
    [
        7,
        19
    ],
    [
        8,
        0
    ],
    [
        8,
        1
    ],
    [
        8,
        2
    ],
    [
        8,
        3
    ],
    [
        8,
        4
    ],
    [
        8,
        14
    ],
    [
        8,
        15
    ],
    [
        8,
        16
    ],
    [
        8,
        17
    ],
    [
        8,
        18
    ],
    [
        8,
        19
    ],
    [
        9,
        0
    ],
    [
        9,
        1
    ],
    [
        9,
        2
    ],
    [
        9,
        3
    ],
    [
        9,
        4
    ],
    [
        9,
        5
    ],
    [
        9,
        13
    ],
    [
        9,
        14
    ],
    [
        9,
        15
    ],
    [
        9,
        16
    ],
    [
        9,
        17
    ],
    [
        9,
        18
    ],
    [
        9,
        19
    ],
    [
        10,
        0
    ],
    [
        10,
        1
    ],
    [
        10,
        2
    ],
    [
        10,
        3
    ],
    [
        10,
        4
    ],
    [
        10,
        5
    ],
    [
        10,
        6
    ],
    [
        10,
        13
    ],
    [
        10,
        14
    ],
    [
        10,
        15
    ],
    [
        10,
        16
    ],
    [
        10,
        17
    ],
    [
        10,
        18
    ],
    [
        10,
        19
    ],
    [
        11,
        0
    ],
    [
        11,
        1
    ],
    [
        11,
        2
    ],
    [
        11,
        3
    ],
    [
        11,
        4
    ],
    [
        11,
        5
    ],
    [
        11,
        13
    ],
    [
        11,
        14
    ],
    [
        11,
        15
    ],
    [
        11,
        16
    ],
    [
        11,
        17
    ],
    [
        11,
        18
    ],
    [
        11,
        19
    ],
    [
        12,
        0
    ],
    [
        12,
        1
    ],
    [
        12,
        2
    ],
    [
        12,
        3
    ],
    [
        12,
        4
    ],
    [
        12,
        14
    ],
    [
        12,
        15
    ],
    [
        12,
        16
    ],
    [
        12,
        17
    ],
    [
        12,
        18
    ],
    [
        12,
        19
    ],
    [
        13,
        0
    ],
    [
        13,
        1
    ],
    [
        13,
        2
    ],
    [
        13,
        3
    ],
    [
        13,
        15
    ],
    [
        13,
        16
    ],
    [
        13,
        17
    ],
    [
        13,
        18
    ],
    [
        13,
        19
    ],
    [
        14,
        0
    ],
    [
        14,
        1
    ],
    [
        14,
        2
    ],
    [
        14,
        8
    ],
    [
        14,
        9
    ],
    [
        14,
        16
    ],
    [
        14,
        17
    ],
    [
        14,
        18
    ],
    [
        14,
        19
    ],
    [
        15,
        0
    ],
    [
        15,
        1
    ],
    [
        15,
        7
    ],
    [
        15,
        8
    ],
    [
        15,
        9
    ],
    [
        15,
        10
    ],
    [
        15,
        18
    ],
    [
        15,
        19
    ],
    [
        16,
        0
    ],
    [
        16,
        6
    ],
    [
        16,
        7
    ],
    [
        16,
        8
    ],
    [
        16,
        9
    ],
    [
        16,
        10
    ],
    [
        16,
        11
    ],
    [
        16,
        19
    ],
    [
        17,
        5
    ],
    [
        17,
        6
    ],
    [
        17,
        7
    ],
    [
        17,
        8
    ],
    [
        17,
        9
    ],
    [
        17,
        10
    ],
    [
        17,
        11
    ],
    [
        17,
        12
    ],
    [
        18,
        4
    ],
    [
        18,
        5
    ],
    [
        18,
        6
    ],
    [
        18,
        7
    ],
    [
        18,
        8
    ],
    [
        18,
        9
    ],
    [
        18,
        10
    ],
    [
        18,
        11
    ],
    [
        18,
        12
    ],
    [
        18,
        13
    ],
    [
        19,
        3
    ],
    [
        19,
        4
    ],
    [
        19,
        5
    ],
    [
        19,
        6
    ],
    [
        19,
        7
    ],
    [
        19,
        8
    ],
    [
        19,
        9
    ],
    [
        19,
        10
    ],
    [
        19,
        11
    ],
    [
        19,
        12
    ],
    [
        19,
        13
    ],
    [
        19,
        14
    ]
]
