[
    [
        4,
        4
    ],
    [
        4,
        5
    ],
    [
        4,
        6
    ],
    [
        4,
        7
    ],
    [
        4,
        8
    ],
    [
        4,
        12
    ],
    [
        4,
        13
    ],
    [
        4,
        14
    ],
    [
        4,
        15
    ],
    [
        4,
        16
    ],
    [
        4,
        17
    ],
    [
        4,
        18
    ],
    [
        4,
        19
    ],
    [
        5,
        4
    ],
    [
        5,
        5
    ],
    [
        5,
        6
    ],
    [
        5,
        7
    ],
    [
        5,
        8
    ],
    [
        5,
        12
    ],
    [
        5,
        13
    ],
    [
        5,
        14
    ],
    [
        5,
        15
    ],
    [
        5,
        16
    ],
    [
        5,
        17
    ],
    [
        5,
        18
    ],
    [
        5,
        19
    ],
    [
        6,
        4
    ],
    [
        6,
        5
    ],
    [
        6,
        6
    ],
    [
        6,
        7
    ],
    [
        6,
        8
    ],
    [
        6,
        12
    ],
    [
        6,
        13
    ],
    [
        6,
        14
    ],
    [
        6,
        15
    ],
    [
        6,
        16
    ],
    [
        6,
        17
    ],
    [
        6,
        18
    ],
    [
        6,
        19
    ],
    [
        7,
        4
    ],
    [
        7,
        5
    ],
    [
        7,
        6
    ],
    [
        7,
        7
    ],
    [
        7,
        8
    ],
    [
        7,
        12
    ],
    [
        7,
        13
    ],
    [
        7,
        14
    ],
    [
        7,
        15
    ],
    [
        7,
        16
    ],
    [
        7,
        17
    ],
    [
        7,
        18
    ],
    [
        7,
        19
    ],
    [
        8,
        4
    ],
    [
        8,
        5
    ],
    [
        8,
        6
    ],
    [
        8,
        7
    ],
    [
        8,
        8
    ],
    [
        8,
        12
    ],
    [
        8,
        13
    ],
    [
        8,
        14
    ],
    [
        8,
        15
    ],
    [
        8,
        16
    ],
    [
        8,
        17
    ],
    [
        8,
        18
    ],
    [
        8,
        19
    ],
    [
        9,
        4
    ],
    [
        9,
        5
    ],
    [
        9,
        6
    ],
    [
        9,
        7
    ],
    [
        9,
        8
    ],
    [
        9,
        12
    ],
    [
        9,
        13
    ],
    [
        9,
        14
    ],
    [
        9,
        15
    ],
    [
        9,
        16
    ],
    [
        9,
        17
    ],
    [
        9,
        18
    ],
    [
        9,
        19
    ],
    [
        10,
        4
    ],
    [
        10,
        5
    ],
    [
        10,
        6
    ],
    [
        10,
        7
    ],
    [
        10,
        8
    ],
    [
        10,
        13
    ],
    [
        10,
        14
    ],
    [
        10,
        15
    ],
    [
        10,
        16
    ],
    [
        10,
        17
    ],
    [
        10,
        18
    ],
    [
        10,
        19
    ],
    [
        11,
        4
    ],
    [
        11,
        5
    ],
    [
        11,
        6
    ],
    [
        11,
        7
    ],
    [
        11,
        8
    ],
    [
        11,
        15
    ],
    [
        11,
        16
    ],
    [
        11,
        17
    ],
    [
        11,
        18
    ],
    [
        11,
        19
    ],
    [
        12,
        4
    ],
    [
        12,
        5
    ],
    [
        12,
        6
    ],
    [
        12,
        7
    ],
    [
        12,
        8
    ],
    [
        12,
        17
    ],
    [
        12,
        18
    ],
    [
        12,
        19
    ],
    [
        13,
        4
    ],
    [
        13,
        5
    ],
    [
        13,
        6
    ],
    [
        13,
        7
    ],
    [
        13,
        8
    ],
    [
        13,
        18
    ],
    [
        13,
        19
    ],
    [
        14,
        5
    ],
    [
        14,
        6
    ],
    [
        14,
        7
    ],
    [
        14,
        19
    ],
    [
        15,
        0
    ],
    [
        15,
        12
    ],
    [
        16,
        0
    ],
    [
        16,
        1
    ],
    [
        16,
        12
    ],
    [
        16,
        13
    ],
    [
        17,
        0
    ],
    [
        17,
        1
    ],
    [
        17,
        2
    ],
    [
        17,
        11
    ],
    [
        17,
        12
    ],
    [
        17,
        13
    ],
    [
        17,
        14
    ],
    [
        17,
        15
    ],
    [
        18,
        0
    ],
    [
        18,
        1
    ],
    [
        18,
        2
    ],
    [
        18,
        3
    ],
    [
        18,
        4
    ],
    [
        18,
        10
    ],
    [
        18,
        11
    ],
    [
        18,
        12
    ],
    [
        18,
        13
    ],
    [
        18,
        14
    ],
    [
        18,
        15
    ],
    [
        18,
        16
    ],
    [
        19,
        0
    ],
    [
        19,
        1
    ],
    [
        19,
        2
    ],
    [
        19,
        3
    ],
    [
        19,
        4
    ],
    [
        19,
        5
    ],
    [
        19,
        6
    ],
    [
        19,
        7
    ],
    [
        19,
        8
    ],
    [
        19,
        9
    ],
    [
        19,
        10
    ],
    [
        19,
        11
    ],
    [
        19,
        12
    ],
    [
        19,
        13
    ],
    [
        19,
        14
    ],
    [
        19,
        15
    ],
    [
        19,
        16
    ],
    [
        19,
        17
    ],
    [
        19,
        18
    ]
]
