[
    [
        0,
        5
    ],
    [
        0,
        6
    ],
    [
        1,
        5
    ],
    [
        1,
        6
    ],
    [
        2,
        1
    ],
    [
        2,
        2
    ],
    [
        2,
        3
    ],
    [
        2,
        5
    ],
    [
        2,
        6
    ],
    [
        3,
        1
    ],
    [
        3,
        5
    ],
    [
        3,
        6
    ],
    [
        4,
        1
    ],
    [
        4,
        2
    ],
    [
        4,
        5
    ],
    [
        4,
        6
    ],
    [
        5,
        6
    ]
]
