[
    [
        0,
        7
    ],
    [
        0,
        8
    ],
    [
        0,
        9
    ],
    [
        0,
        10
    ],
    [
        0,
        11
    ],
    [
        0,
        12
    ],
    [
        0,
        13
    ],
    [
        0,
        14
    ],
    [
        0,
        15
    ],
    [
        0,
        16
    ],
    [
        0,
        17
    ],
    [
        0,
        18
    ],
    [
        0,
        19
    ],
    [
        1,
        9
    ],
    [
        1,
        10
    ],
    [
        1,
        11
    ],
    [
        1,
        12
    ],
    [
        1,
        13
    ],
    [
        1,
        14
    ],
    [
        1,
        15
    ],
    [
        1,
        16
    ],
    [
        1,
        17
    ],
    [
        1,
        18
    ],
    [
        1,
        19
    ],
    [
        2,
        0
    ],
    [
        2,
        11
    ],
    [
        2,
        12
    ],
    [
        2,
        13
    ],
    [
        2,
        14
    ],
    [
        2,
        15
    ],
    [
        2,
        16
    ],
    [
        2,
        17
    ],
    [
        2,
        18
    ],
    [
        2,
        19
    ],
    [
        3,
        0
    ],
    [
        3,
        1
    ],
    [
        3,
        13
    ],
    [
        3,
        14
    ],
    [
        3,
        15
    ],
    [
        3,
        16
    ],
    [
        3,
        17
    ],
    [
        3,
        18
    ],
    [
        3,
        19
    ],
    [
        4,
        0
    ],
    [
        4,
        1
    ],
    [
        4,
        2
    ],
    [
        4,
        15
    ],
    [
        4,
        16
    ],
    [
        4,
        17
    ],
    [
        4,
        18
    ],
    [
        4,
        19
    ],
    [
        5,
        0
    ],
    [
        5,
        1
    ],
    [
        5,
        2
    ],
    [
        5,
        3
    ],
    [
        5,
        4
    ],
    [
        5,
        17
    ],
    [
        5,
        18
    ],
    [
        5,
        19
    ],
    [
        6,
        0
    ],
    [
        6,
        1
    ],
    [
        6,
        2
    ],
    [
        6,
        3
    ],
    [
        6,
        4
    ],
    [
        6,
        5
    ],
    [
        6,
        6
    ],
    [
        6,
        19
    ],
    [
        7,
        0
    ],
    [
        7,
        1
    ],
    [
        7,
        2
    ],
    [
        7,
        3
    ],
    [
        7,
        4
    ],
    [
        7,
        5
    ],
    [
        7,
        6
    ],
    [
        7,
        7
    ],
    [
        8,
        0
    ],
    [
        8,
        1
    ],
    [
        8,
        2
    ],
    [
        8,
        3
    ],
    [
        8,
        4
    ],
    [
        8,
        5
    ],
    [
        8,
        6
    ],
    [
        8,
        7
    ],
    [
        8,
        8
    ],
    [
        8,
        9
    ],
    [
        8,
        10
    ],
    [
        9,
        0
    ],
    [
        9,
        1
    ],
    [
        9,
        2
    ],
    [
        9,
        3
    ],
    [
        9,
        4
    ],
    [
        9,
        5
    ],
    [
        9,
        6
    ],
    [
        9,
        7
    ],
    [
        9,
        8
    ],
    [
        9,
        9
    ],
    [
        9,
        10
    ],
    [
        9,
        11
    ],
    [
        9,
        12
    ],
    [
        9,
        13
    ],
    [
        10,
        0
    ],
    [
        10,
        1
    ],
    [
        10,
        2
    ],
    [
        10,
        3
    ],
    [
        10,
        4
    ],
    [
        10,
        5
    ],
    [
        10,
        6
    ],
    [
        10,
        7
    ],
    [
        10,
        8
    ],
    [
        10,
        9
    ],
    [
        10,
        10
    ],
    [
        11,
        0
    ],
    [
        11,
        1
    ],
    [
        11,
        2
    ],
    [
        11,
        3
    ],
    [
        11,
        4
    ],
    [
        11,
        5
    ],
    [
        11,
        6
    ],
    [
        11,
        7
    ],
    [
        12,
        0
    ],
    [
        12,
        1
    ],
    [
        12,
        2
    ],
    [
        12,
        3
    ],
    [
        12,
        4
    ],
    [
        12,
        5
    ],
    [
        12,
        6
    ],
    [
        12,
        18
    ],
    [
        12,
        19
    ],
    [
        13,
        0
    ],
    [
        13,
        1
    ],
    [
        13,
        2
    ],
    [
        13,
        3
    ],
    [
        13,
        4
    ],
    [
        13,
        16
    ],
    [
        13,
        17
    ],
    [
        13,
        18
    ],
    [
        13,
        19
    ],
    [
        14,
        0
    ],
    [
        14,
        1
    ],
    [
        14,
        2
    ],
    [
        14,
        3
    ],
    [
        14,
        14
    ],
    [
        14,
        15
    ],
    [
        14,
        16
    ],
    [
        14,
        17
    ],
    [
        14,
        18
    ],
    [
        14,
        19
    ],
    [
        15,
        0
    ],
    [
        15,
        1
    ],
    [
        15,
        12
    ],
    [
        15,
        13
    ],
    [
        15,
        14
    ],
    [
        15,
        15
    ],
    [
        15,
        16
    ],
    [
        15,
        17
    ],
    [
        15,
        18
    ],
    [
        15,
        19
    ],
    [
        16,
        0
    ],
    [
        16,
        1
    ],
    [
        16,
        10
    ],
    [
        16,
        11
    ],
    [
        16,
        12
    ],
    [
        16,
        13
    ],
    [
        16,
        14
    ],
    [
        16,
        15
    ],
    [
        16,
        16
    ],
    [
        16,
        17
    ],
    [
        16,
        18
    ],
    [
        16,
        19
    ],
    [
        17,
        0
    ],
    [
        17,
        8
    ],
    [
        17,
        9
    ],
    [
        17,
        10
    ],
    [
        17,
        11
    ],
    [
        17,
        12
    ],
    [
        17,
        13
    ],
    [
        17,
        14
    ],
    [
        17,
        15
    ],
    [
        17,
        16
    ],
    [
        17,
        17
    ],
    [
        17,
        18
    ],
    [
        17,
        19
    ],
    [
        18,
        7
    ],
    [
        18,
        8
    ],
    [
        18,
        9
    ],
    [
        18,
        10
    ],
    [
        18,
        11
    ],
    [
        18,
        12
    ],
    [
        18,
        13
    ],
    [
        18,
        14
    ],
    [
        18,
        15
    ],
    [
        18,
        16
    ],
    [
        18,
        17
    ],
    [
        18,
        18
    ],
    [
        18,
        19
    ],
    [
        19,
        6
    ],
    [
        19,
        7
    ],
    [
        19,
        8
    ],
    [
        19,
        9
    ],
    [
        19,
        10
    ],
    [
        19,
        11
    ],
    [
        19,
        12
    ],
    [
        19,
        13
    ],
    [
        19,
        14
    ],
    [
        19,
        15
    ],
    [
        19,
        16
    ],
    [
        19,
        17
    ],
    [
        19,
        18
    ],
    [
        19,
        19
    ]
]
