[
    [
        0,
        0
    ],
    [
        0,
        1
    ],
    [
        0,
        2
    ],
    [
        0,
        3
    ],
    [
        0,
        4
    ],
    [
        0,
        5
    ],
    [
        0,
        6
    ],
    [
        0,
        18
    ],
    [
        0,
        19
    ],
    [
        1,
        0
    ],
    [
        1,
        1
    ],
    [
        1,
        2
    ],
    [
        1,
        3
    ],
    [
        1,
        4
    ],
    [
        1,
        19
    ],
    [
        2,
        0
    ],
    [
        2,
        1
    ],
    [
        2,
        2
    ],
    [
        2,
        3
    ],
    [
        3,
        0
    ],
    [
        3,
        1
    ],
    [
        3,
        2
    ],
    [
        3,
        3
    ],
    [
        4,
        0
    ],
    [
        4,
        1
    ],
    [
        4,
        2
    ],
    [
        4,
        3
    ],
    [
        5,
        0
    ],
    [
        5,
        1
    ],
    [
        5,
        2
    ],
    [
        5,
        3
    ],
    [
        6,
        0
    ],
    [
        6,
        1
    ],
    [
        6,
        2
    ],
    [
        6,
        3
    ],
    [
        6,
        4
    ],
    [
        7,
        0
    ],
    [
        7,
        1
    ],
    [
        7,
        2
    ],
    [
        7,
        3
    ],
    [
        7,
        4
    ],
    [
        7,
        5
    ],
    [
        8,
        0
    ],
    [
        8,
        1
    ],
    [
        12,
        2
    ],
    [
        12,
        3
    ],
    [
        12,
        4
    ],
    [
        12,
        5
    ],
    [
        13,
        0
    ],
    [
        13,
        1
    ],
    [
        13,
        2
    ],
    [
        13,
        3
    ],
    [
        13,
        4
    ],
    [
        14,
        0
    ],
    [
        14,
        1
    ],
    [
        14,
        2
    ],
    [
        14,
        3
    ],
    [
        15,
        0
    ],
    [
        15,
        1
    ],
    [
        15,
        2
    ],
    [
        15,
        3
    ],
    [
        16,
        0
    ],
    [
        16,
        1
    ],
    [
        16,
        2
    ],
    [
        16,
        3
    ],
    [
        17,
        0
    ],
    [
        17,
        1
    ],
    [
        17,
        2
    ],
    [
        17,
        3
    ],
    [
        17,
        4
    ],
    [
        18,
        0
    ],
    [
        18,
        1
    ],
    [
        18,
        2
    ],
    [
        18,
        3
    ],
    [
        18,
        4
    ],
    [
        18,
        19
    ],
    [
        19,
        0
    ],
    [
        19,
        1
    ],
    [
        19,
        2
    ],
    [
        19,
        3
    ],
    [
        19,
        4
    ],
    [
        19,
        5
    ],
    [
        19,
        6
    ],
    [
        19,
        18
    ],
    [
        19,
        19
    ]
]
