[
    [
        0,
        0
    ],
    [
        0,
        1
    ],
    [
        0,
        2
    ],
    [
        0,
        3
    ],
    [
        0,
        4
    ],
    [
        0,
        5
    ],
    [
        2,
        0
    ],
    [
        2,
        1
    ],
    [
        2,
        2
    ],
    [
        2,
        4
    ],
    [
        2,
        5
    ],
    [
        3,
        0
    ],
    [
        3,
        1
    ],
    [
        3,
        2
    ],
    [
        3,
        4
    ],
    [
        3,
        5
    ],
    [
        4,
        0
    ],
    [
        4,
        2
    ],
    [
        4,
        4
    ],
    [
        5,
        1
    ],
    [
        5,
        3
    ],
    [
        5,
        5
    ]
]
