[
    [
        4,
        4
    ],
    [
        4,
        5
    ],
    [
        4,
        6
    ],
    [
        4,
        7
    ],
    [
        4,
        12
    ],
    [
        4,
        13
    ],
    [
        4,
        14
    ],
    [
        4,
        15
    ],
    [
        4,
        16
    ],
    [
        4,
        17
    ],
    [
        4,
        18
    ],
    [
        4,
        19
    ],
    [
        5,
        4
    ],
    [
        5,
        5
    ],
    [
        5,
        6
    ],
    [
        5,
        7
    ],
    [
        5,
        12
    ],
    [
        5,
        13
    ],
    [
        5,
        14
    ],
    [
        5,
        15
    ],
    [
        5,
        16
    ],
    [
        5,
        17
    ],
    [
        5,
        18
    ],
    [
        5,
        19
    ],
    [
        6,
        4
    ],
    [
        6,
        5
    ],
    [
        6,
        6
    ],
    [
        6,
        7
    ],
    [
        6,
        12
    ],
    [
        6,
        13
    ],
    [
        6,
        14
    ],
    [
        6,
        15
    ],
    [
        6,
        16
    ],
    [
        6,
        17
    ],
    [
        6,
        18
    ],
    [
        6,
        19
    ],
    [
        7,
        4
    ],
    [
        7,
        5
    ],
    [
        7,
        6
    ],
    [
        7,
        7
    ],
    [
        7,
        12
    ],
    [
        7,
        13
    ],
    [
        7,
        14
    ],
    [
        7,
        15
    ],
    [
        7,
        16
    ],
    [
        7,
        17
    ],
    [
        7,
        18
    ],
    [
        7,
        19
    ],
    [
        8,
        4
    ],
    [
        8,
        5
    ],
    [
        8,
        6
    ],
    [
        8,
        7
    ],
    [
        8,
        12
    ],
    [
        8,
        13
    ],
    [
        8,
        14
    ],
    [
        8,
        15
    ],
    [
        8,
        16
    ],
    [
        8,
        17
    ],
    [
        8,
        18
    ],
    [
        8,
        19
    ],
    [
        9,
        4
    ],
    [
        9,
        5
    ],
    [
        9,
        6
    ],
    [
        9,
        7
    ],
    [
        9,
        12
    ],
    [
        9,
        13
    ],
    [
        9,
        14
    ],
    [
        9,
        15
    ],
    [
        9,
        16
    ],
    [
        9,
        17
    ],
    [
        9,
        18
    ],
    [
        9,
        19
    ],
    [
        10,
        4
    ],
    [
        10,
        5
    ],
    [
        10,
        6
    ],
    [
        10,
        7
    ],
    [
        10,
        12
    ],
    [
        10,
        13
    ],
    [
        10,
        14
    ],
    [
        10,
        15
    ],
    [
        10,
        16
    ],
    [
        10,
        17
    ],
    [
        10,
        18
    ],
    [
        10,
        19
    ],
    [
        11,
        4
    ],
    [
        11,
        5
    ],
    [
        11,
        6
    ],
    [
        11,
        7
    ],
    [
        11,
        12
    ],
    [
        11,
        13
    ],
    [
        11,
        14
    ],
    [
        11,
        15
    ],
    [
        11,
        16
    ],
    [
        11,
        17
    ],
    [
        11,
        18
    ],
    [
        11,
        19
    ],
    [
        12,
        4
    ],
    [
        12,
        5
    ],
    [
        12,
        6
    ],
    [
        12,
        7
    ],
    [
        12,
        12
    ],
    [
        12,
        13
    ],
    [
        12,
        14
    ],
    [
        12,
        15
    ],
    [
        12,
        16
    ],
    [
        12,
        17
    ],
    [
        12,
        18
    ],
    [
        12,
        19
    ],
    [
        13,
        4
    ],
    [
        13,
        5
    ],
    [
        13,
        6
    ],
    [
        13,
        7
    ],
    [
        13,
        12
    ],
    [
        13,
        13
    ],
    [
        13,
        14
    ],
    [
        13,
        15
    ],
    [
        13,
        16
    ],
    [
        13,
        17
    ],
    [
        13,
        18
    ],
    [
        13,
        19
    ],
    [
        14,
        4
    ],
    [
        14,
        5
    ],
    [
        14,
        6
    ],
    [
        14,
        7
    ],
    [
        14,
        12
    ],
    [
        14,
        13
    ],
    [
        14,
        14
    ],
    [
        14,
        15
    ],
    [
        14,
        16
    ],
    [
        14,
        17
    ],
    [
        14,
        18
    ],
    [
        14,
        19
    ],
    [
        15,
        4
    ],
    [
        15,
        5
    ],
    [
        15,
        6
    ],
    [
        15,
        7
    ],
    [
        15,
        12
    ],
    [
        15,
        13
    ],
    [
        15,
        14
    ],
    [
        15,
        15
    ],
    [
        15,
        16
    ],
    [
        15,
        17
    ],
    [
        15,
        18
    ],
    [
        15,
        19
    ],
    [
        16,
        4
    ],
    [
        16,
        5
    ],
    [
        16,
        6
    ],
    [
        16,
        7
    ],
    [
        16,
        12
    ],
    [
        16,
        13
    ],
    [
        16,
        14
    ],
    [
        16,
        15
    ],
    [
        16,
        16
    ],
    [
        16,
        17
    ],
    [
        16,
        18
    ],
    [
        16,
        19
    ],
    [
        17,
        4
    ],
    [
        17,
        5
    ],
    [
        17,
        6
    ],
    [
        17,
        7
    ],
    [
        17,
        12
    ],
    [
        17,
        13
    ],
    [
        17,
        14
    ],
    [
        17,
        15
    ],
    [
        17,
        16
    ],
    [
        17,
        17
    ],
    [
        17,
        18
    ],
    [
        17,
        19
    ],
    [
        18,
        4
    ],
    [
        18,
        5
    ],
    [
        18,
        6
    ],
    [
        18,
        7
    ],
    [
        18,
        12
    ],
    [
        18,
        13
    ],
    [
        18,
        14
    ],
    [
        18,
        15
    ],
    [
        18,
        16
    ],
    [
        18,
        17
    ],
    [
        18,
        18
    ],
    [
        18,
        19
    ],
    [
        19,
        4
    ],
    [
        19,
        5
    ],
    [
        19,
        6
    ],
    [
        19,
        7
    ],
    [
        19,
        12
    ],
    [
        19,
        13
    ],
    [
        19,
        14
    ],
    [
        19,
        15
    ],
    [
        19,
        16
    ],
    [
        19,
        17
    ],
    [
        19,
        18
    ],
    [
        19,
        19
    ]
]
