[
    [
        0,
        3
    ],
    [
        0,
        5
    ],
    [
        1,
        1
    ],
    [
        1,
        3
    ],
    [
        1,
        5
    ],
    [
        2,
        1
    ],
    [
        2,
        3
    ],
    [
        2,
        5
    ],
    [
        3,
        1
    ],
    [
        3,
        3
    ],
    [
        3,
        5
    ],
    [
        4,
        1
    ],
    [
        4,
        3
    ],
    [
        4,
        5
    ],
    [
        5,
        1
    ],
    [
        5,
        5
    ]
]
