[
    [
        0,
        0
    ],
    [
        0,
        1
    ],
    [
        0,
        2
    ],
    [
        0,
        9
    ],
    [
        0,
        10
    ],
    [
        0,
        11
    ],
    [
        0,
        12
    ],
    [
        0,
        13
    ],
    [
        0,
        14
    ],
    [
        0,
        15
    ],
    [
        0,
        16
    ],
    [
        0,
        18
    ],
    [
        0,
        19
    ],
    [
        1,
        0
    ],
    [
        1,
        1
    ],
    [
        1,
        10
    ],
    [
        1,
        11
    ],
    [
        1,
        12
    ],
    [
        1,
        13
    ],
    [
        1,
        14
    ],
    [
        1,
        15
    ],
    [
        1,
        19
    ],
    [
        2,
        0
    ],
    [
        2,
        11
    ],
    [
        2,
        12
    ],
    [
        2,
        13
    ],
    [
        2,
        14
    ],
    [
        2,
        15
    ],
    [
        3,
        12
    ],
    [
        3,
        13
    ],
    [
        3,
        14
    ],
    [
        3,
        15
    ],
    [
        4,
        6
    ],
    [
        4,
        12
    ],
    [
        4,
        13
    ],
    [
        4,
        14
    ],
    [
        4,
        15
    ],
    [
        5,
        5
    ],
    [
        5,
        6
    ],
    [
        5,
        7
    ],
    [
        5,
        13
    ],
    [
        5,
        14
    ],
    [
        5,
        15
    ],
    [
        6,
        4
    ],
    [
        6,
        5
    ],
    [
        6,
        6
    ],
    [
        6,
        7
    ],
    [
        6,
        8
    ],
    [
        6,
        13
    ],
    [
        6,
        14
    ],
    [
        6,
        15
    ],
    [
        7,
        4
    ],
    [
        7,
        5
    ],
    [
        7,
        6
    ],
    [
        7,
        7
    ],
    [
        7,
        8
    ],
    [
        7,
        13
    ],
    [
        7,
        14
    ],
    [
        7,
        15
    ],
    [
        8,
        4
    ],
    [
        8,
        5
    ],
    [
        8,
        6
    ],
    [
        8,
        7
    ],
    [
        8,
        8
    ],
    [
        8,
        13
    ],
    [
        8,
        14
    ],
    [
        8,
        15
    ],
    [
        9,
        4
    ],
    [
        9,
        5
    ],
    [
        9,
        6
    ],
    [
        9,
        7
    ],
    [
        9,
        8
    ],
    [
        9,
        13
    ],
    [
        9,
        14
    ],
    [
        9,
        15
    ],
    [
        10,
        4
    ],
    [
        10,
        5
    ],
    [
        10,
        6
    ],
    [
        10,
        7
    ],
    [
        10,
        8
    ],
    [
        10,
        13
    ],
    [
        10,
        14
    ],
    [
        10,
        15
    ],
    [
        11,
        4
    ],
    [
        11,
        5
    ],
    [
        11,
        6
    ],
    [
        11,
        7
    ],
    [
        11,
        8
    ],
    [
        11,
        13
    ],
    [
        11,
        14
    ],
    [
        11,
        15
    ],
    [
        12,
        4
    ],
    [
        12,
        5
    ],
    [
        12,
        6
    ],
    [
        12,
        7
    ],
    [
        12,
        8
    ],
    [
        12,
        13
    ],
    [
        12,
        14
    ],
    [
        12,
        15
    ],
    [
        12,
        16
    ],
    [
        13,
        4
    ],
    [
        13,
        5
    ],
    [
        13,
        6
    ],
    [
        13,
        7
    ],
    [
        13,
        8
    ],
    [
        13,
        13
    ],
    [
        13,
        14
    ],
    [
        13,
        15
    ],
    [
        13,
        16
    ],
    [
        14,
        4
    ],
    [
        14,
        5
    ],
    [
        14,
        6
    ],
    [
        14,
        7
    ],
    [
        14,
        8
    ],
    [
        14,
        13
    ],
    [
        14,
        14
    ],
    [
        14,
        15
    ],
    [
        14,
        16
    ],
    [
        15,
        0
    ],
    [
        15,
        4
    ],
    [
        15,
        5
    ],
    [
        15,
        6
    ],
    [
        15,
        7
    ],
    [
        15,
        8
    ],
    [
        15,
        14
    ],
    [
        15,
        15
    ],
    [
        15,
        16
    ],
    [
        16,
        0
    ],
    [
        16,
        1
    ],
    [
        16,
        4
    ],
    [
        16,
        5
    ],
    [
        16,
        6
    ],
    [
        16,
        7
    ],
    [
        16,
        8
    ],
    [
        16,
        9
    ],
    [
        17,
        0
    ],
    [
        17,
        1
    ],
    [
        17,
        2
    ],
    [
        17,
        4
    ],
    [
        17,
        5
    ],
    [
        17,
        6
    ],
    [
        17,
        7
    ],
    [
        17,
        8
    ],
    [
        17,
        9
    ],
    [
        17,
        10
    ],
    [
        18,
        0
    ],
    [
        18,
        1
    ],
    [
        18,
        2
    ],
    [
        18,
        3
    ],
    [
        18,
        4
    ],
    [
        18,
        5
    ],
    [
        18,
        6
    ],
    [
        18,
        7
    ],
    [
        18,
        8
    ],
    [
        18,
        9
    ],
    [
        18,
        10
    ],
    [
        18,
        11
    ],
    [
        18,
        19
    ],
    [
        19,
        0
    ],
    [
        19,
        1
    ],
    [
        19,
        2
    ],
    [
        19,
        3
    ],
    [
        19,
        4
    ],
    [
        19,
        5
    ],
    [
        19,
        6
    ],
    [
        19,
        7
    ],
    [
        19,
        8
    ],
    [
        19,
        9
    ],
    [
        19,
        10
    ],
    [
        19,
        11
    ],
    [
        19,
        12
    ],
    [
        19,
        18
    ],
    [
        19,
        19
    ]
]
