[
    [
        4,
        0
    ],
    [
        4,
        1
    ],
    [
        4,
        2
    ],
    [
        4,
        3
    ],
    [
        4,
        4
    ],
    [
        4,
        5
    ],
    [
        4,
        13
    ],
    [
        4,
        14
    ],
    [
        4,
        15
    ],
    [
        4,
        16
    ],
    [
        4,
        17
    ],
    [
        4,
        18
    ],
    [
        4,
        19
    ],
    [
        5,
        0
    ],
    [
        5,
        1
    ],
    [
        5,
        2
    ],
    [
        5,
        3
    ],
    [
        5,
        4
    ],
    [
        5,
        5
    ],
    [
        5,
        12
    ],
    [
        5,
        13
    ],
    [
        5,
        14
    ],
    [
        5,
        15
    ],
    [
        5,
        16
    ],
    [
        5,
        17
    ],
    [
        5,
        18
    ],
    [
        5,
        19
    ],
    [
        6,
        0
    ],
    [
        6,
        1
    ],
    [
        6,
        2
    ],
    [
        6,
        3
    ],
    [
        6,
        4
    ],
    [
        6,
        11
    ],
    [
        6,
        12
    ],
    [
        6,
        13
    ],
    [
        6,
        14
    ],
    [
        6,
        15
    ],
    [
        6,
        16
    ],
    [
        6,
        17
    ],
    [
        6,
        18
    ],
    [
        6,
        19
    ],
    [
        7,
        0
    ],
    [
        7,
        1
    ],
    [
        7,
        2
    ],
    [
        7,
        3
    ],
    [
        7,
        4
    ],
    [
        7,
        11
    ],
    [
        7,
        12
    ],
    [
        7,
        13
    ],
    [
        7,
        14
    ],
    [
        7,
        15
    ],
    [
        7,
        16
    ],
    [
        7,
        17
    ],
    [
        7,
        18
    ],
    [
        7,
        19
    ],
    [
        8,
        0
    ],
    [
        8,
        1
    ],
    [
        8,
        2
    ],
    [
        8,
        3
    ],
    [
        8,
        12
    ],
    [
        8,
        13
    ],
    [
        8,
        14
    ],
    [
        8,
        15
    ],
    [
        8,
        16
    ],
    [
        8,
        17
    ],
    [
        8,
        18
    ],
    [
        8,
        19
    ],
    [
        9,
        0
    ],
    [
        9,
        1
    ],
    [
        9,
        2
    ],
    [
        9,
        13
    ],
    [
        9,
        14
    ],
    [
        9,
        15
    ],
    [
        9,
        16
    ],
    [
        9,
        17
    ],
    [
        9,
        18
    ],
    [
        9,
        19
    ],
    [
        10,
        0
    ],
    [
        10,
        1
    ],
    [
        10,
        13
    ],
    [
        10,
        14
    ],
    [
        10,
        15
    ],
    [
        10,
        16
    ],
    [
        10,
        17
    ],
    [
        10,
        18
    ],
    [
        10,
        19
    ],
    [
        11,
        0
    ],
    [
        11,
        14
    ],
    [
        11,
        15
    ],
    [
        11,
        16
    ],
    [
        11,
        17
    ],
    [
        11,
        18
    ],
    [
        11,
        19
    ],
    [
        12,
        6
    ],
    [
        12,
        7
    ],
    [
        12,
        8
    ],
    [
        12,
        15
    ],
    [
        12,
        16
    ],
    [
        12,
        17
    ],
    [
        12,
        18
    ],
    [
        12,
        19
    ],
    [
        13,
        5
    ],
    [
        13,
        6
    ],
    [
        13,
        7
    ],
    [
        13,
        8
    ],
    [
        13,
        9
    ],
    [
        13,
        15
    ],
    [
        13,
        16
    ],
    [
        13,
        17
    ],
    [
        13,
        18
    ],
    [
        13,
        19
    ],
    [
        14,
        5
    ],
    [
        14,
        6
    ],
    [
        14,
        7
    ],
    [
        14,
        8
    ],
    [
        14,
        9
    ],
    [
        14,
        10
    ],
    [
        14,
        16
    ],
    [
        14,
        17
    ],
    [
        14,
        18
    ],
    [
        14,
        19
    ],
    [
        15,
        3
    ],
    [
        15,
        4
    ],
    [
        15,
        5
    ],
    [
        15,
        6
    ],
    [
        15,
        7
    ],
    [
        15,
        8
    ],
    [
        15,
        9
    ],
    [
        15,
        10
    ],
    [
        15,
        17
    ],
    [
        15,
        18
    ],
    [
        15,
        19
    ],
    [
        16,
        2
    ],
    [
        16,
        3
    ],
    [
        16,
        4
    ],
    [
        16,
        5
    ],
    [
        16,
        6
    ],
    [
        16,
        7
    ],
    [
        16,
        8
    ],
    [
        16,
        9
    ],
    [
        16,
        10
    ],
    [
        16,
        11
    ],
    [
        16,
        18
    ],
    [
        16,
        19
    ],
    [
        17,
        1
    ],
    [
        17,
        2
    ],
    [
        17,
        3
    ],
    [
        17,
        4
    ],
    [
        17,
        5
    ],
    [
        17,
        6
    ],
    [
        17,
        7
    ],
    [
        17,
        8
    ],
    [
        17,
        9
    ],
    [
        17,
        10
    ],
    [
        17,
        11
    ],
    [
        17,
        12
    ],
    [
        17,
        19
    ],
    [
        18,
        1
    ],
    [
        18,
        2
    ],
    [
        18,
        3
    ],
    [
        18,
        4
    ],
    [
        18,
        5
    ],
    [
        18,
        6
    ],
    [
        18,
        7
    ],
    [
        18,
        8
    ],
    [
        18,
        9
    ],
    [
        18,
        10
    ],
    [
        18,
        11
    ],
    [
        18,
        12
    ],
    [
        18,
        13
    ],
    [
        19,
        0
    ],
    [
        19,
        1
    ],
    [
        19,
        2
    ],
    [
        19,
        3
    ],
    [
        19,
        4
    ],
    [
        19,
        5
    ],
    [
        19,
        6
    ],
    [
        19,
        7
    ],
    [
        19,
        8
    ],
    [
        19,
        9
    ],
    [
        19,
        10
    ],
    [
        19,
        11
    ],
    [
        19,
        12
    ],
    [
        19,
        13
    ]
]
