[
    [
        2,
        2
    ],
    [
        2,
        3
    ],
    [
        2,
        6
    ],
    [
        2,
        7
    ],
    [
        3,
        2
    ],
    [
        3,
        3
    ],
    [
        3,
        6
    ],
    [
        3,
        7
    ],
    [
        4,
        2
    ],
    [
        4,
        3
    ],
    [
        4,
        6
    ],
    [
        4,
        7
    ],
    [
        5,
        2
    ],
    [
        5,
        3
    ],
    [
        5,
        6
    ],
    [
        5,
        7
    ],
    [
        6,
        2
    ],
    [
        6,
        3
    ],
    [
        6,
        6
    ],
    [
        6,
        7
    ],
    [
        7,
        2
    ],
    [
        7,
        3
    ],
    [
        7,
        6
    ],
    [
        7,
        7
    ],
    [
        8,
        2
    ],
    [
        8,
        3
    ],
    [
        8,
        4
    ],
    [
        8,
        5
    ],
    [
        8,
        6
    ],
    [
        8,
        7
    ],
    [
        9,
        0
    ],
    [
        9,
        2
    ],
    [
        9,
        3
    ],
    [
        9,
        4
    ],
    [
        9,
        5
    ],
    [
        9,
        6
    ],
    [
        9,
        7
    ],
    [
        9,
        9
    ]
]
