[
    [
        1,
        0
    ],
    [
        1,
        1
    ],
    [
        1,
        3
    ],
    [
        1,
        4
    ],
    [
        1,
        5
    ],
    [
        2,
        0
    ],
    [
        2,
        1
    ],
    [
        2,
        2
    ],
    [
        2,
        3
    ],
    [
        2,
        5
    ],
    [
        2,
        6
    ],
    [
        2,
        7
    ],
    [
        2,
        8
    ],
    [
        2,
        9
    ],
    [
        2,
        10
    ],
    [
        2,
        11
    ],
    [
        4,
        0
    ],
    [
        4,
        1
    ],
    [
        4,
        2
    ],
    [
        4,
        3
    ],
    [
        4,
        4
    ],
    [
        4,
        5
    ],
    [
        4,
        6
    ],
    [
        4,
        7
    ],
    [
        4,
        10
    ],
    [
        4,
        11
    ],
    [
        4,
        12
    ],
    [
        4,
        13
    ],
    [
        4,
        14
    ],
    [
        4,
        15
    ],
    [
        4,
        16
    ],
    [
        4,
        17
    ],
    [
        4,
        18
    ],
    [
        4,
        19
    ],
    [
        4,
        20
    ],
    [
        4,
        21
    ],
    [
        4,
        22
    ],
    [
        4,
        23
    ]
]
