[
    [
        1,
        0
    ],
    [
        1,
        2
    ],
    [
        1,
        3
    ],
    [
        1,
        5
    ],
    [
        2,
        0
    ],
    [
        2,
        1
    ],
    [
        2,
        4
    ],
    [
        2,
        5
    ],
    [
        2,
        6
    ],
    [
        2,
        7
    ],
    [
        2,
        10
    ],
    [
        2,
        11
    ],
    [
        3,
        0
    ],
    [
        3,
        1
    ],
    [
        3,
        2
    ],
    [
        3,
        3
    ],
    [
        3,
        8
    ],
    [
        3,
        9
    ],
    [
        3,
        10
    ],
    [
        3,
        11
    ],
    [
        3,
        12
    ],
    [
        3,
        13
    ],
    [
        3,
        14
    ],
    [
        3,
        15
    ],
    [
        3,
        20
    ],
    [
        3,
        21
    ],
    [
        3,
        22
    ],
    [
        3,
        23
    ]
]
