[
    [
        3,
        0
    ],
    [
        3,
        1
    ],
    [
        3,
        4
    ],
    [
        3,
        5
    ],
    [
        3,
        6
    ],
    [
        3,
        7
    ],
    [
        3,
        10
    ],
    [
        3,
        11
    ],
    [
        3,
        12
    ],
    [
        3,
        13
    ],
    [
        3,
        16
    ],
    [
        3,
        17
    ],
    [
        3,
        18
    ],
    [
        3,
        19
    ],
    [
        3,
        22
    ],
    [
        3,
        23
    ],
    [
        4,
        0
    ],
    [
        4,
        1
    ],
    [
        4,
        4
    ],
    [
        4,
        5
    ],
    [
        4,
        6
    ],
    [
        4,
        7
    ],
    [
        4,
        10
    ],
    [
        4,
        11
    ],
    [
        4,
        12
    ],
    [
        4,
        13
    ],
    [
        4,
        16
    ],
    [
        4,
        17
    ],
    [
        4,
        18
    ],
    [
        4,
        19
    ],
    [
        4,
        22
    ],
    [
        4,
        23
    ],
    [
        5,
        0
    ],
    [
        5,
        1
    ],
    [
        5,
        4
    ],
    [
        5,
        5
    ],
    [
        5,
        6
    ],
    [
        5,
        7
    ],
    [
        5,
        10
    ],
    [
        5,
        11
    ],
    [
        5,
        12
    ],
    [
        5,
        13
    ],
    [
        5,
        16
    ],
    [
        5,
        17
    ],
    [
        5,
        18
    ],
    [
        5,
        19
    ],
    [
        5,
        22
    ],
    [
        5,
        23
    ],
    [
        6,
        0
    ],
    [
        6,
        1
    ],
    [
        6,
        2
    ],
    [
        6,
        3
    ],
    [
        6,
        4
    ],
    [
        6,
        7
    ],
    [
        6,
        8
    ],
    [
        6,
        9
    ],
    [
        6,
        10
    ],
    [
        6,
        11
    ],
    [
        6,
        12
    ],
    [
        6,
        13
    ],
    [
        6,
        14
    ],
    [
        6,
        15
    ],
    [
        6,
        16
    ],
    [
        6,
        19
    ],
    [
        6,
        20
    ],
    [
        6,
        21
    ],
    [
        6,
        22
    ],
    [
        6,
        23
    ],
    [
        6,
        24
    ],
    [
        6,
        25
    ],
    [
        6,
        26
    ],
    [
        6,
        27
    ],
    [
        6,
        28
    ],
    [
        6,
        31
    ],
    [
        6,
        32
    ],
    [
        6,
        33
    ],
    [
        6,
        34
    ],
    [
        6,
        35
    ],
    [
        6,
        36
    ],
    [
        6,
        37
    ],
    [
        6,
        38
    ],
    [
        6,
        39
    ],
    [
        6,
        40
    ],
    [
        6,
        43
    ],
    [
        6,
        44
    ],
    [
        6,
        45
    ],
    [
        6,
        46
    ],
    [
        6,
        47
    ],
    [
        7,
        0
    ],
    [
        7,
        1
    ],
    [
        7,
        2
    ],
    [
        7,
        3
    ],
    [
        7,
        4
    ],
    [
        7,
        7
    ],
    [
        7,
        8
    ],
    [
        7,
        9
    ],
    [
        7,
        10
    ],
    [
        7,
        11
    ],
    [
        7,
        12
    ],
    [
        7,
        13
    ],
    [
        7,
        14
    ],
    [
        7,
        15
    ],
    [
        7,
        16
    ],
    [
        7,
        19
    ],
    [
        7,
        20
    ],
    [
        7,
        21
    ],
    [
        7,
        22
    ],
    [
        7,
        23
    ],
    [
        7,
        24
    ],
    [
        7,
        25
    ],
    [
        7,
        26
    ],
    [
        7,
        27
    ],
    [
        7,
        28
    ],
    [
        7,
        31
    ],
    [
        7,
        32
    ],
    [
        7,
        33
    ],
    [
        7,
        34
    ],
    [
        7,
        35
    ],
    [
        7,
        36
    ],
    [
        7,
        37
    ],
    [
        7,
        38
    ],
    [
        7,
        39
    ],
    [
        7,
        40
    ],
    [
        7,
        43
    ],
    [
        7,
        44
    ],
    [
        7,
        45
    ],
    [
        7,
        46
    ],
    [
        7,
        47
    ],
    [
        8,
        0
    ],
    [
        8,
        1
    ],
    [
        8,
        2
    ],
    [
        8,
        3
    ],
    [
        8,
        4
    ],
    [
        8,
        5
    ],
    [
        8,
        6
    ],
    [
        8,
        7
    ],
    [
        8,
        8
    ],
    [
        8,
        9
    ],
    [
        8,
        10
    ],
    [
        8,
        11
    ],
    [
        8,
        12
    ],
    [
        8,
        13
    ],
    [
        8,
        14
    ],
    [
        8,
        15
    ],
    [
        8,
        16
    ],
    [
        8,
        17
    ],
    [
        8,
        18
    ],
    [
        8,
        19
    ],
    [
        8,
        20
    ],
    [
        8,
        21
    ],
    [
        8,
        22
    ],
    [
        8,
        23
    ],
    [
        8,
        24
    ],
    [
        8,
        25
    ],
    [
        8,
        26
    ],
    [
        8,
        27
    ],
    [
        8,
        28
    ],
    [
        8,
        29
    ],
    [
        8,
        30
    ],
    [
        8,
        31
    ],
    [
        8,
        32
    ],
    [
        8,
        33
    ],
    [
        8,
        34
    ],
    [
        8,
        35
    ],
    [
        8,
        36
    ],
    [
        8,
        37
    ],
    [
        8,
        38
    ],
    [
        8,
        39
    ],
    [
        8,
        40
    ],
    [
        8,
        41
    ],
    [
        8,
        42
    ],
    [
        8,
        43
    ],
    [
        8,
        44
    ],
    [
        8,
        45
    ],
    [
        8,
        46
    ],
    [
        8,
        47
    ],
    [
        9,
        0
    ],
    [
        9,
        1
    ],
    [
        9,
        2
    ],
    [
        9,
        3
    ],
    [
        9,
        4
    ],
    [
        9,
        5
    ],
    [
        9,
        6
    ],
    [
        9,
        7
    ],
    [
        9,
        8
    ],
    [
        9,
        9
    ],
    [
        9,
        10
    ],
    [
        9,
        11
    ],
    [
        9,
        12
    ],
    [
        9,
        13
    ],
    [
        9,
        14
    ],
    [
        9,
        15
    ],
    [
        9,
        16
    ],
    [
        9,
        17
    ],
    [
        9,
        18
    ],
    [
        9,
        19
    ],
    [
        9,
        20
    ],
    [
        9,
        21
    ],
    [
        9,
        22
    ],
    [
        9,
        23
    ],
    [
        9,
        24
    ],
    [
        9,
        25
    ],
    [
        9,
        26
    ],
    [
        9,
        27
    ],
    [
        9,
        28
    ],
    [
        9,
        29
    ],
    [
        9,
        30
    ],
    [
        9,
        31
    ],
    [
        9,
        32
    ],
    [
        9,
        33
    ],
    [
        9,
        34
    ],
    [
        9,
        35
    ],
    [
        9,
        36
    ],
    [
        9,
        37
    ],
    [
        9,
        38
    ],
    [
        9,
        39
    ],
    [
        9,
        40
    ],
    [
        9,
        41
    ],
    [
        9,
        42
    ],
    [
        9,
        43
    ],
    [
        9,
        44
    ],
    [
        9,
        45
    ],
    [
        9,
        46
    ],
    [
        9,
        47
    ]
]
