[
    [
        2,
        0
    ],
    [
        2,
        2
    ],
    [
        2,
        3
    ],
    [
        2,
        5
    ],
    [
        2,
        8
    ],
    [
        2,
        9
    ],
    [
        2,
        11
    ],
    [
        3,
        0
    ],
    [
        3,
        1
    ],
    [
        3,
        4
    ],
    [
        3,
        5
    ],
    [
        3,
        6
    ],
    [
        3,
        7
    ],
    [
        3,
        10
    ],
    [
        3,
        11
    ],
    [
        3,
        12
    ],
    [
        3,
        15
    ],
    [
        3,
        16
    ],
    [
        3,
        17
    ],
    [
        3,
        18
    ],
    [
        3,
        19
    ],
    [
        3,
        22
    ],
    [
        3,
        23
    ],
    [
        4,
        0
    ],
    [
        4,
        1
    ],
    [
        4,
        4
    ],
    [
        4,
        5
    ],
    [
        4,
        6
    ],
    [
        4,
        7
    ],
    [
        4,
        10
    ],
    [
        4,
        11
    ],
    [
        4,
        12
    ],
    [
        4,
        15
    ],
    [
        4,
        16
    ],
    [
        4,
        17
    ],
    [
        4,
        18
    ],
    [
        4,
        19
    ],
    [
        4,
        22
    ],
    [
        4,
        23
    ],
    [
        5,
        0
    ],
    [
        5,
        1
    ],
    [
        5,
        4
    ],
    [
        5,
        5
    ],
    [
        5,
        6
    ],
    [
        5,
        7
    ],
    [
        5,
        10
    ],
    [
        5,
        11
    ],
    [
        5,
        12
    ],
    [
        5,
        15
    ],
    [
        5,
        16
    ],
    [
        5,
        17
    ],
    [
        5,
        18
    ],
    [
        5,
        19
    ],
    [
        5,
        22
    ],
    [
        5,
        23
    ],
    [
        6,
        0
    ],
    [
        6,
        1
    ],
    [
        6,
        2
    ],
    [
        6,
        3
    ],
    [
        6,
        4
    ],
    [
        6,
        7
    ],
    [
        6,
        8
    ],
    [
        6,
        9
    ],
    [
        6,
        10
    ],
    [
        6,
        11
    ],
    [
        6,
        12
    ],
    [
        6,
        13
    ],
    [
        6,
        14
    ],
    [
        6,
        15
    ],
    [
        6,
        16
    ],
    [
        6,
        19
    ],
    [
        6,
        20
    ],
    [
        6,
        21
    ],
    [
        6,
        22
    ],
    [
        6,
        23
    ],
    [
        6,
        24
    ],
    [
        6,
        25
    ],
    [
        6,
        26
    ],
    [
        6,
        29
    ],
    [
        6,
        30
    ],
    [
        6,
        31
    ],
    [
        6,
        32
    ],
    [
        6,
        33
    ],
    [
        6,
        34
    ],
    [
        6,
        35
    ],
    [
        6,
        36
    ],
    [
        6,
        37
    ],
    [
        6,
        38
    ],
    [
        6,
        39
    ],
    [
        6,
        43
    ],
    [
        6,
        44
    ],
    [
        6,
        45
    ],
    [
        6,
        46
    ],
    [
        6,
        47
    ]
]
