[
    [
        2,
        3
    ],
    [
        2,
        4
    ],
    [
        3,
        2
    ],
    [
        3,
        3
    ],
    [
        3,
        4
    ],
    [
        3,
        7
    ],
    [
        3,
        8
    ],
    [
        3,
        9
    ],
    [
        4,
        2
    ],
    [
        4,
        3
    ],
    [
        4,
        4
    ],
    [
        4,
        7
    ],
    [
        4,
        8
    ],
    [
        4,
        9
    ],
    [
        5,
        2
    ],
    [
        5,
        3
    ],
    [
        5,
        4
    ],
    [
        5,
        7
    ],
    [
        5,
        8
    ],
    [
        5,
        9
    ],
    [
        6,
        3
    ],
    [
        6,
        4
    ],
    [
        6,
        7
    ],
    [
        6,
        8
    ],
    [
        6,
        9
    ]
]
